Indv    no_reads        no_align        no_prop no_flt_align
ALAME_AC_1      2134690 1412930 1220467 523361
ALAME_AC_2      2418550 1600495 1383537 573362
ALAME_AC_3      2301766 1544482 1330111 558944
ALAME_AH_1      2384656 1593948 1383711 553297
ALAME_AH_2      544938  237430  206910  115266
ALAME_AH_3      2470390 1675322 1458011 582788
MFAME_GC_1      1956802 1334390 1167486 510147
MFAME_GC_2      2245850 1503090 1308055 572938
MFAME_SG_1      2622396 1715611 1484667 652349
MFAME_SG_2      2629276 1722200 1493428 650907
MFAME_TC_1      2466044 1657293 1446073 622325
MFAME_TC_2      2430782 1599848 1385271 606021
NFAME_IH_1      1722668 1142522 992034  451466
NFAME_IH_2      6904    3425    3014    2285
NFAME_IH_3      6412    350     300     242
NFAME_RR_1      1973098 1309576 1132931 501079
NFAME_RR_2      2372168 1583514 1365292 581595
NFAME_RR_3      2440540 1623138 1403222 597382
NFMFA_SC_1      2416908 1579399 1361368 592998
NFMFA_SC_2      2238540 1494650 1297385 553785
NFMFA_SC_3      1299054 847309  730124  358209
RUBIC_PH_1      1975714 1303396 1128818 503401
RUBIC_PH_2      2303718 1550791 1343188 557407
RUBIC_PH_3      2638846 1711267 1479810 637436